1740488059374 2.2501001358032227 0
1740488059386 0.44966962933540344 1
1740488059403 0.30967652797698975 2
1740488059414 0.2398202270269394 3
1740488059428 0.1910351812839508 4
1740488059430 0.16610713303089142 5
1740488059447 0.13914968073368073 6
1740488059458 0.1339842975139618 7
1740488059467 0.10734888911247253 8
1740488059474 0.1028752252459526 9
1740488059490 0.09851499646902084 10
1740488059497 0.08785500377416611 11
1740488059506 0.08749289065599442 12
1740488059512 0.07811520993709564 13
1740488059530 0.07124663144350052 14
1740488059538 0.0711270421743393 15
1740488059546 0.05871228873729706 16
1740488059563 0.0625101625919342 17
1740488059570 0.059110239148139954 18
1740488059584 0.05155196785926819 19
