1740488059380 0.7930416464805603 0
1740488059395 0.8844791650772095 1
1740488059403 0.9182708263397217 2
1740488059414 0.9350833296775818 3
1740488059430 0.9462708234786987 4
1740488059430 0.9533125162124634 5
1740488059447 0.9605208039283752 6
1740488059462 0.9625208377838135 7
1740488059467 0.968666672706604 8
1740488059474 0.9700624942779541 9
1740488059490 0.9723333120346069 10
1740488059497 0.9743124842643738 11
1740488059512 0.9749791622161865 12
1740488059524 0.9774374961853027 13
1740488059530 0.9793124794960022 14
1740488059538 0.9803541898727417 15
1740488059554 0.9835208058357239 16
1740488059563 0.9828333258628845 17
1740488059570 0.9837916493415833 18
1740488059584 0.9850624799728394 19
